회계년도	종목검색
연번	종목명	1Q	2Q	3Q	4Q	합계	종가	배당수익률 ▼
1	HD현대				18,500	18,500	283,500	6.52
2	고려아연				15,000	15,000	401,500	3.73
3	LG생활건강				11,025	11,025	1,620,000	0.68
4	LG화학				10,025	10,025	824,000	1.21
5	영풍				10,000	10,000	538,000	1.85
6	SK텔레콤		1,000		9,000	10,000	238,000	4.20
7	삼성화재				8,802	8,802	187,500	4.69
8	엔씨소프트				8,550	8,550	931,000	0.91
9	오뚜기				8,000	8,000	577,000	1.38
10	SK		1,000		6,025	7,025	240,500	2.92
11	한일시멘트				5,100	5,100	105,000	4.85
12	KCC		700		5,000	5,700	197,500	2.88
13	효성				5,000	5,000	76,400	6.54
14	효성티앤씨				5,000	5,000	211,000	2.36
15	KT&G				4,800	4,800	83,100	5.77
16	POSCO홀딩스	1,500	500	1,500	4,500	8,000	272,000	2.94
17	금호석유				4,225	4,225	145,000	2.91
18	현대모비스				4,025	4,025	255,500	1.57
19	CJ제일제당				4,025	4,025	381,000	1.05
20	농심				4,000	4,000	300,000	1.33
21	키움증권				3,711	3,711	126,500	2.93
22	롯데케미칼				3,600	3,600	276,000	1.30
23	현대글로비스				3,500	3,500	184,000	1.90
24	한국금융지주				3,000	3,000	79,000	3.79
25	대한유화				3,000	3,000	230,000	1.30
26	현대차				3,000	3,000	192,000	1.56
27	롯데쇼핑				2,800	2,800	102,500	2.73
28	롯데칠성				2,702	2,702	108,500	2.49
29	LG				2,525	2,525	87,500	2.88
30	삼성생명				2,500	2,500	79,100	3.16
31	에스원				2,500	2,500	85,000	2.94
32	삼성에스디에스				2,400	2,400	178,500	1.34
33	BGF리테일				2,400	2,400	135,500	1.77
34	삼성물산				2,325	2,325	138,000	1.68
35	DB손해보험				2,200	2,200	43,750	5.02
36	삼성증권				2,200	2,200	40,450	5.43
37	현대홈쇼핑				2,200	2,200	81,500	2.69
38	SK케미칼				2,025	2,025	392,500	0.51
39	CJ				2,025	2,025	92,100	2.19
40	두산				2,025	2,025	52,400	3.86
41	이마트				2,000	2,000	151,500	1.32
42	삼성전자	354	354	354	1,932	2,994	81,000	3.69
43	GS				1,925	1,925	37,550	5.12
44	삼성카드				1,800	1,800	32,500	5.53
45	한솔케미칼				1,800	1,800	196,500	0.91
46	KB금융				1,770	1,770	43,400	4.07
47	신한지주				1,608	1,608	32,050	5.01
48	롯데웰푸드				1,600	1,600	102,000	1.56
49	태광산업				1,550	1,550	801,000	0.19
50	녹십자				1,500	1,500	406,000	0.36
51	롯데정밀화학				1,500	1,500	55,200	2.71
52	신세계				1,500	1,500	239,500	0.62
53	LS				1,450	1,450	71,400	2.03
54	삼성전기				1,425	1,425	178,000	0.80
55	하나금융지주		500		1,350	1,850	34,500	5.36
56	KT				1,350	1,350	24,000	5.62
57	DL				1,325	1,325	83,000	1.59
58	한샘				1,300	1,300	104,500	1.24
59	LG전자				1,225	1,225	135,000	0.90
60	한국전력				1,216	1,216	27,400	4.43
61	GS건설				1,200	1,200	37,800	3.17
62	코웨이				1,200	1,200	72,700	1.65
63	SK하이닉스				1,170	1,170	118,500	0.98
64	한전KPS				1,146	1,146	29,700	3.85
65	LS ELECTRIC				1,100	1,100	63,100	1.74
66	신세계인터내셔날				1,100	1,100	161,500	0.68
67	롯데지주				1,025	1,025	35,300	2.90
68	삼성SDI				1,025	1,025	628,000	0.16
69	코오롱인더				1,025	1,025	41,050	2.49
70	TKG휴켐스				1,000	1,000	25,650	3.89
71	아이에스동서				1,000	1,000	53,400	1.87
72	씨에스윈드				1,000	1,000	177,000	0.56
73	SKC				1,000	1,000	94,000	1.06
74	현대백화점				1,000	1,000	71,400	1.40
75	종근당				1,000	1,000	226,500	0.44
76	기아				1,000	1,000	62,400	1.60
77	현대해상				1,000	1,000	22,750	4.39
78	메리츠금융지주				900	900	9,810	9.17
79	GS리테일				900	900	34,450	2.61
80	LIG넥스원				900	900	30,500	2.95
81	제일기획				840	840	20,600	4.07
82	아모레퍼시픽				802	802	206,000	0.38
83	삼양식품				800	800	101,000	0.79
84	현대엘리베이				800	800	39,700	2.01
85	지누스				800	800	103,000	0.77
86	하이트진로				775	775	31,850	2.43
87	넷마블				767	767	131,500	0.58
88	오리온				750	750	124,000	0.60
89	NH투자증권				725	725	11,300	6.41
90	한화				725	725	28,300	2.56
91	PI첨단소재				711	711	37,000	1.92
92	대상				705	705	26,050	2.70
93	동서				700	700	33,950	2.06
94	포스코인터내셔널				700	700	14,550	4.81
95	현대위아				700	700	53,500	1.30
96	LG이노텍				700	700	182,500	0.38
97	오리온홀딩스				650	650	13,200	4.92
98	한국타이어앤테크놀로지				650	650	39,400	1.64
99	현대건설				625	625	37,450	1.66
100	동원시스템즈				625	625	35,700	1.75
101	쿠쿠홈시스				600	600	39,100	1.53
102	대웅제약				600	600	165,000	0.36
103	HDC현대산업개발				600	600	26,100	2.29
104	한화에어로스페이스				600	600	28,500	2.10
105	풍산				600	600	27,950	2.14
106	녹십자홀딩스				502	502	41,500	1.20
107	세방전지				500	500	68,900	0.72
108	한세실업				500	500	17,500	2.85
109	한미약품				500	500	366,500	0.13
110	현대제철				500	500	39,600	1.26
111	율촌화학				500	500	20,550	2.43
112	에스엘				500	500	16,250	3.07
113	영원무역				500	500	31,700	1.57
114	한국앤컴퍼니				500	500	14,650	3.41
115	기업은행				471	471	8,840	5.32
116	한섬				450	450	30,250	1.48
117	LG유플러스				450	450	11,750	3.82
118	유한양행				405	405	75,100	0.53
119	NAVER				402	402	292,500	0.13
120	LX인터내셔널				400	400	24,700	1.61
121	DGB금융지주				390	390	6,790	5.74
122	DB하이텍				375	375	51,000	0.73
123	JB금융지주				374	374	5,640	6.63
124	우리금융지주				360	360	9,730	3.69
125	더블유게임즈				350	350	60,200	0.58
126	한국콜마				345	345	50,900	0.67
127	BNK금융지주				320	320	5,680	5.63
128	포스코퓨처엠				300	300	104,000	0.28
129	한전기술				282	282	17,850	1.57
130	아모레G				232	232	54,900	0.42
131	한화시스템				230	230	17,300	1.32
132	호텔신라				225	225	82,300	0.27
133	미래에셋증권				210	210	9,440	2.22
134	한미사이언스				200	200	76,100	0.26
135	롯데에너지머티리얼즈				200	200	50,900	0.39
136	한국항공우주				200	200	25,800	0.77
137	휠라홀딩스				192	192	43,700	0.43
138	카카오				150	150	389,500	0.03
139	SK네트웍스				132	132	4,855	2.71
140	KG스틸				125	125	11,600	1.07
141	한온시스템	68	68	68	116	320	16,250	1.96
142	쌍용C&E	110	110	110	110	440	6,680	6.58
143	신풍제약				107	107	124,000	0.08
144	대웅				100	100	50,300	0.19
145	보령				100	100	19,050	0.52
146	팬오션				50	50	5,020	0.99
147	한화생명				30	30	2,440	1.22
148	금호타이어						3,785	
149	하이브						160,000	
150	에스디바이오센서							
151	DL이앤씨							
152	삼성중공업						7,040	
153	S-Oil						69,200	
154	HL만도						58,800	
155	강원랜드						23,500	
156	한화오션						27,400	
157	두산에너빌리티						13,500	
158	대한전선						1,370	
159	SK이노베이션						190,000	
160	OCI홀딩스						93,000	
161	카카오뱅크							
162	SK아이이테크놀로지							
163	CJ대한통운						165,500	
164	두산밥캣						29,650	
165	F&F							
166	HD한국조선해양						108,500	
167	하나투어						56,000	
168	두산퓨얼셀						53,500	
169	금양						6,620	
170	명신산업						45,650	
171	케이카							
172	롯데관광개발						15,000	
173	아시아나항공						4,210	
174	현대로템						17,200	
175	한올바이오파마						37,500	
176	한국가스공사						30,900	
177	SK바이오팜						169,000	
178	크래프톤							
179	삼성바이오로직스						826,000	
180	GKL						16,700	
181	HMM						13,950	
182	현대미포조선						48,000	
183	효성첨단소재						149,000	
184	일진하이솔루스							
185	카카오페이							
186	HD현대중공업							
187	코스모화학						12,200	
188	대한항공						27,200	
189	대우건설						4,985	
190	LG에너지솔루션							
191	한화솔루션						47,900	
192	코스맥스						99,500	
193	HD현대인프라코어						7,920	
194	삼성엔지니어링						13,250	
195	LG디스플레이						18,550	
196	SK스퀘어							
197	셀트리온						359,000	
198	후성						11,800	
199	한진칼						63,100	
200	SK바이오사이언스							
합계	2032.000000	4232.000000	2032.000000	285495.500000	293791.500000	22429105.000000	1.309867	